DATASET_BINARY
#tree_taxonomy=family
SEPARATOR TAB
DATASET_LABEL	Neuroactives
COLOR	#000000
FIELD_SHAPES	3	1	2	5	4	6	3	1
FIELD_COLORS	#1f77b4	#ff7f0e	#2ca02c	#d62728	#9467bd	#8c564b	#e377c2	#7f7f7f
FIELD_LABELS	THC	acetylcholine	cannabidiol	dopamine	glutamic_acid	norepinephrine	serotonin	tryptamine
SYMBOL_SPACING	12
HEIGHT_FACTOR	1.2
MARGIN	5
SHOW_INTERNAL	0
LEGEND_TITLE	Neuroactives
LEGEND_SHAPES	3	1	2	5	4	6	3	1
LEGEND_COLORS	#1f77b4	#ff7f0e	#2ca02c	#d62728	#9467bd	#8c564b	#e377c2	#7f7f7f
LEGEND_LABELS	THC	acetylcholine	cannabidiol	dopamine	glutamic_acid	norepinephrine	serotonin	tryptamine
DATA
tax_104773	-1	-1	-1	1	-1	-1	-1	-1
tax_14107	-1	-1	-1	-1	-1	-1	1	-1
tax_156152	-1	-1	-1	-1	-1	1	-1	-1
tax_16362	-1	-1	-1	-1	-1	-1	1	-1
tax_16367	-1	-1	-1	-1	-1	-1	1	-1
tax_16611	-1	-1	-1	1	-1	-1	-1	-1
tax_16714	-1	-1	-1	1	1	-1	1	-1
tax_16727	-1	-1	-1	-1	-1	-1	1	-1
tax_16733	-1	-1	-1	-1	-1	-1	1	-1
tax_16739	-1	-1	-1	1	1	1	1	-1
tax_1804623	-1	-1	-1	1	-1	1	1	-1
tax_19955	-1	-1	-1	-1	-1	-1	1	-1
tax_20008	-1	-1	-1	-1	1	-1	-1	-1
tax_21910	-1	-1	-1	-1	1	-1	1	-1
tax_22063	-1	-1	-1	1	-1	-1	-1	-1
tax_22140	-1	-1	-1	1	-1	1	1	-1
tax_22274	-1	-1	-1	1	-1	-1	1	-1
tax_22910	-1	-1	-1	1	-1	-1	-1	-1
tax_233880	-1	-1	-1	1	-1	-1	-1	-1
tax_23513	-1	-1	-1	-1	1	-1	1	-1
tax_23672	-1	-1	-1	-1	1	-1	1	-1
tax_23808	-1	-1	-1	-1	1	-1	-1	-1
tax_24921	-1	-1	-1	-1	-1	-1	1	-1
tax_24966	-1	-1	-1	1	1	-1	1	-1
tax_25623	-1	-1	-1	1	-1	-1	-1	-1
tax_25636	-1	-1	-1	-1	-1	1	-1	-1
tax_25926	-1	-1	-1	-1	-1	-1	1	1
tax_25996	-1	-1	-1	-1	-1	-1	1	-1
tax_27065	-1	-1	-1	1	1	-1	1	-1
tax_29619	-1	-1	-1	1	-1	1	-1	-1
tax_301454	-1	-1	-1	-1	1	-1	-1	-1
tax_3201	-1	-1	-1	-1	-1	-1	1	-1
tax_3245	-1	-1	-1	1	-1	-1	-1	-1
tax_3275	-1	-1	-1	1	-1	-1	1	-1
tax_3298	-1	-1	-1	1	-1	-1	-1	-1
tax_3309	-1	-1	-1	1	-1	-1	-1	-1
tax_3318	-1	-1	-1	-1	1	-1	1	-1
tax_3379	-1	-1	-1	-1	-1	-1	1	-1
tax_3401	-1	-1	-1	-1	-1	-1	1	-1
tax_3433	-1	-1	-1	1	1	-1	1	-1
tax_3440	-1	-1	-1	1	-1	1	1	-1
tax_3455	-1	-1	-1	-1	-1	-1	1	-1
tax_3465	-1	-1	-1	1	1	1	1	-1
tax_3481	1	-1	1	-1	-1	-1	1	-1
tax_3487	-1	-1	-1	-1	1	-1	1	1
tax_3499	-1	-1	-1	1	-1	-1	1	-1
tax_3503	-1	-1	-1	-1	-1	-1	1	-1
tax_3514	-1	-1	-1	-1	1	-1	1	-1
tax_3520	-1	-1	-1	-1	-1	-1	1	-1
tax_3525	-1	-1	-1	-1	1	-1	-1	-1
tax_3536	-1	-1	-1	1	-1	1	-1	1
tax_3563	-1	-1	-1	-1	1	1	1	1
tax_3568	-1	-1	-1	1	-1	-1	-1	-1
tax_3581	-1	-1	-1	1	-1	1	-1	-1
tax_3587	-1	-1	-1	1	-1	-1	-1	-1
tax_3593	-1	-1	-1	1	1	1	1	-1
tax_3602	-1	-1	-1	-1	-1	-1	1	-1
tax_3608	-1	-1	-1	1	1	-1	1	-1
tax_3615	-1	-1	-1	1	-1	-1	1	-1
tax_3623	-1	-1	-1	-1	-1	-1	1	1
tax_3629	-1	-1	-1	1	1	-1	1	1
tax_3647	-1	-1	-1	-1	1	-1	1	-1
tax_3650	-1	-1	-1	-1	1	-1	1	1
tax_3683	-1	-1	-1	-1	1	-1	1	-1
tax_3688	-1	-1	-1	1	1	1	1	-1
tax_3700	-1	-1	-1	-1	1	-1	1	-1
tax_3733	-1	-1	-1	-1	-1	1	-1	-1
tax_3737	-1	-1	-1	1	1	-1	1	-1
tax_3745	-1	-1	-1	-1	1	1	1	1
tax_3792	-1	-1	-1	-1	-1	-1	1	1
tax_3803	-1	1	-1	1	1	1	1	1
tax_3931	-1	-1	-1	-1	-1	-1	1	-1
tax_3934	-1	-1	-1	1	-1	-1	-1	1
tax_3977	-1	-1	-1	-1	1	1	1	-1
tax_39987	-1	-1	-1	-1	-1	-1	1	-1
tax_39998	-1	-1	-1	1	-1	-1	1	-1
tax_4004	-1	-1	-1	-1	1	-1	1	-1
tax_4011	-1	-1	-1	-1	1	-1	1	1
tax_4018	-1	-1	-1	-1	-1	1	-1	-1
tax_4033	-1	-1	-1	-1	1	-1	-1	-1
tax_4037	-1	-1	-1	-1	1	-1	1	-1
tax_4050	-1	-1	-1	1	1	1	-1	-1
tax_40552	-1	-1	-1	1	1	1	1	1
tax_4056	-1	-1	-1	-1	1	-1	1	-1
tax_4070	-1	-1	-1	-1	1	-1	1	1
tax_4118	-1	-1	-1	1	-1	-1	-1	-1
tax_4136	-1	-1	-1	1	1	1	1	-1
tax_4144	-1	-1	-1	1	1	-1	-1	-1
tax_4149	-1	-1	-1	-1	-1	-1	-1	1
tax_41773	-1	-1	-1	1	-1	1	-1	-1
tax_4180	-1	-1	-1	-1	-1	-1	1	-1
tax_41842	-1	-1	-1	-1	1	-1	-1	-1
tax_4200	-1	-1	-1	-1	1	-1	-1	-1
tax_4206	-1	-1	-1	1	1	-1	-1	-1
tax_4210	-1	-1	-1	-1	1	1	1	1
tax_4268	-1	-1	-1	1	-1	1	1	1
tax_4289	-1	-1	-1	-1	-1	-1	1	-1
tax_4294	-1	-1	-1	-1	1	-1	-1	-1
tax_4335	-1	-1	-1	1	-1	-1	-1	1
tax_4345	-1	-1	-1	-1	1	-1	-1	-1
tax_43707	-1	-1	-1	-1	1	-1	-1	-1
tax_4401	-1	-1	-1	-1	1	-1	-1	-1
tax_4405	-1	-1	-1	-1	-1	-1	1	-1
tax_4410	-1	-1	-1	-1	1	-1	-1	-1
tax_441552	-1	-1	-1	-1	1	-1	-1	-1
tax_4429	-1	-1	-1	-1	-1	-1	1	-1
tax_4454	-1	-1	-1	1	1	1	1	-1
tax_4479	-1	-1	-1	1	1	1	1	1
tax_4613	-1	-1	-1	1	1	1	1	-1
tax_4619	-1	-1	-1	-1	-1	1	1	-1
tax_4626	-1	-1	-1	-1	1	-1	-1	-1
tax_4630	-1	-1	-1	-1	-1	-1	1	-1
tax_4637	-1	-1	-1	1	1	1	1	-1
tax_4642	-1	-1	-1	-1	1	-1	1	-1
tax_4660	-1	-1	-1	1	-1	-1	-1	-1
tax_4668	-1	-1	-1	-1	1	-1	1	-1
tax_4677	-1	-1	-1	-1	1	-1	-1	-1
tax_4710	-1	-1	-1	-1	-1	-1	1	-1
tax_4731	-1	-1	-1	-1	1	-1	-1	-1
tax_4740	-1	-1	-1	1	-1	1	1	-1
tax_51383	-1	-1	-1	1	-1	-1	1	-1
tax_51509	-1	-1	-1	-1	-1	-1	1	-1
tax_54924	-1	-1	-1	-1	-1	-1	1	-1
tax_55961	-1	-1	-1	1	-1	-1	-1	-1
tax_693794	-1	-1	-1	-1	-1	1	-1	-1
tax_703405	-1	-1	-1	1	-1	1	1	-1
tax_703406	-1	-1	-1	-1	-1	-1	1	-1
tax_703407	-1	-1	-1	-1	-1	1	-1	-1
tax_91817	-1	-1	-1	1	-1	-1	1	-1
tax_91829	-1	-1	-1	-1	-1	-1	1	-1
tax_91830	-1	-1	-1	-1	-1	-1	1	-1
tax_91876	-1	-1	-1	1	-1	-1	-1	-1
